Log file created at: 2020/12/01 06:52:32
Running on machine: 3a0fb8ccbb03
Log line format: [IWEF]mmdd hh:mm:ss.uuuuuu threadid file:line] msg
I1201 06:52:32.771963 26687 imu_pre_integrator.cpp:28] 
IMU Pre-Integration params:
	gravity magnitude: 9.80943

	process noise:
		measurement:
			accel.: 0.0025
			gyro.: 0.0001
		random_walk:
			accel.: 1e-08
			gyro.: 1e-08

I1201 06:52:41.333827 26687 lio_back_end.cpp:400] IMU Pre-Integration Measurement: 
	T: 0.207239 --- 0.207239
	alpha:
		0.0111593, 0.00456468, 0.217845
		0.0161729, 0.0430765, 0.215918
	theta:
		0.00435287, 0.0072804, -5.69339e-06
		0.00526104, 0.0088994, 0.00112451
	beta:
		0.0933764, 0.0435884, 2.0721
		0.112085, 0.0695347, 1.95331
	bias_accel:0, 0, 0
	bias_gyro:0, 0, 0
	covariance:
		alpha: 3.7255e-08, 3.72566e-08, 1.78654e-10
		theta: 1.01646e-07, 1.01646e-07, 1.01646e-07
		beta: 2.68319e-06, 2.68336e-06, 2.54144e-06
		bias_accel: 2.03291e-11, 2.03291e-11, 2.03291e-11
		bias_gyro: 2.03291e-11, 2.03291e-11, 2.03291e-11
	Jacobian:
		d_alpha_d_b_a: 
			-0.0214739, -5.783e-06, -3.71808e-05
			5.69266e-06, -0.0214739, 3.1165e-05
			3.71908e-05, -3.11531e-05, -0.0214739
		d_alpha_d_b_g: 
			3.35316e-06, -0.014841, 0.000381136
			0.0148422, 3.10356e-06, -0.000673486
			-0.000363678, 0.000692134, -1.24801e-06
		d_theta_d_b_g: 
			-0.207237, -5.47406e-05, 0.00084705
			5.25623e-05, -0.207238, -0.000431929
			-0.000847157, 0.000431717, -0.207236
		d_beta_d_b_a: 
			-0.207237, -5.60005e-05, -0.000625805
			5.40683e-05, -0.207238, 0.000448891
			0.000625924, -0.000448733, -0.207237
		d_beta_d_b_a: 
			5.13518e-05, -0.211541, 0.00479035
			0.21156, 4.8085e-05, -0.00778846
			-0.00446596, 0.00818047, -1.86347e-05

I1201 06:52:55.263911 26687 lio_back_end.cpp:400] IMU Pre-Integration Measurement: 
	T: 0.207362 --- 0.207362
	alpha:
		-0.00700943, 0.00591233, 0.221273
		0.00791018, 0.0558331, 0.241748
	theta:
		-0.000725941, -0.00262306, 0.000999611
		-2.73285e-05, 0.00192183, 0.000816097
	beta:
		-0.0640059, 0.059431, 2.1552
		-0.00265301, 0.052827, 2.06978
	bias_accel:0, 0, 0
	bias_gyro:0, 0, 0
	covariance:
		alpha: 3.74634e-08, 3.74636e-08, 1.93121e-10
		theta: 1.02519e-07, 1.02519e-07, 1.02519e-07
		beta: 2.72332e-06, 2.72332e-06, 2.56322e-06
		bias_accel: 2.05037e-11, 2.05037e-11, 2.05037e-11
		bias_gyro: 2.05037e-11, 2.05037e-11, 2.05037e-11
	Jacobian:
		d_alpha_d_b_a: 
			-0.0214994, 7.27016e-06, 4.53162e-05
			-7.29296e-06, -0.0214995, -7.9093e-06
			-4.53122e-05, 7.9301e-06, -0.0214994
		d_alpha_d_b_g: 
			-3.62346e-06, -0.015527, 0.000388385
			0.0155276, -4.4817e-06, 0.000413917
			-0.000393302, -0.000443096, 6.03217e-07
		d_theta_d_b_g: 
			-0.207362, -9.57491e-05, 9.30644e-06
			9.57167e-05, -0.207362, 3.96855e-05
			-9.27536e-06, -3.96458e-05, -0.207362
		d_beta_d_b_a: 
			-0.207361, 0.000106489, 0.000540312
			-0.000106823, -0.207362, -0.000106974
			-0.000540241, 0.000107305, -0.207361
		d_beta_d_b_a: 
			-6.75508e-05, -0.225639, 0.00632279
			0.225649, -8.44375e-05, 0.0057539
			-0.00641382, -0.00625625, 1.22584e-05

I1201 06:52:57.343976 26687 lio_back_end.cpp:400] IMU Pre-Integration Measurement: 
	T: 0.207334 --- 0.207334
	alpha:
		-0.0289774, 0.00944331, 0.206958
		-0.0441167, 0.0353199, 0.233828
	theta:
		-0.000710101, 0.00224252, 0.00275401
		-0.00157618, 0.00291906, 0.00288304
	beta:
		-0.278813, 0.101342, 2.00819
		-0.27415, 0.0596496, 1.98949
	bias_accel:0, 0, 0
	bias_gyro:0, 0, 0
	covariance:
		alpha: 3.66566e-08, 3.66706e-08, 3.70651e-10
		theta: 1.01518e-07, 1.01518e-07, 1.01518e-07
		beta: 2.67417e-06, 2.67634e-06, 2.54093e-06
		bias_accel: 2.03036e-11, 2.03036e-11, 2.03036e-11
		bias_gyro: 2.03036e-11, 2.03036e-11, 2.03036e-11
	Jacobian:
		d_alpha_d_b_a: 
			-0.0214937, 2.10456e-05, -9.93246e-06
			-2.10458e-05, -0.0214937, 1.74591e-07
			9.93178e-06, -1.8984e-07, -0.0214937
		d_alpha_d_b_g: 
			-1.21091e-05, -0.0144482, 0.000759064
			0.0144475, -1.18229e-05, 0.00200001
			-0.000760723, -0.00199416, -2.97378e-07
		d_theta_d_b_g: 
			-0.207334, -0.000260437, 0.000287046
			0.000260618, -0.207334, 0.000136323
			-0.000286875, -0.000136748, -0.207334
		d_beta_d_b_a: 
			-0.207334, 0.00029696, -0.000167134
			-0.000296939, -0.207334, -7.39319e-06
			0.000167156, 7.05683e-06, -0.207334
		d_beta_d_b_a: 
			-0.000225346, -0.209416, 0.0115685
			0.209402, -0.000219235, 0.0289333
			-0.0115972, -0.028816, -5.70551e-06

I1201 06:53:00.623920 26687 lio_back_end.cpp:400] IMU Pre-Integration Measurement: 
	T: 0.416045 --- 0.416045
	alpha:
		-0.0787383, -0.162742, 0.837799
		-0.142652, -0.113065, 0.869
	theta:
		-0.00240637, -0.00784782, -0.226211
		-0.000561275, -0.00466045, -0.234503
	beta:
		-0.413081, -0.804679, 4.03069
		-0.648545, -0.955481, 4.03559
	bias_accel:0, 0, 0
	bias_gyro:0, 0, 0
	covariance:
		alpha: 3.23992e-07, 3.23127e-07, -1.25606e-08
		theta: 2.06883e-07, 2.06883e-07, 2.06749e-07
		beta: 6.32116e-06, 6.288e-06, 5.22806e-06
		bias_accel: 4.13493e-11, 4.13493e-11, 4.13493e-11
		bias_gyro: 4.13493e-11, 4.13493e-11, 4.13493e-11
	Jacobian:
		d_alpha_d_b_a: 
			-0.0862128, -0.00609787, 0.0002245
			0.00609748, -0.0862131, -0.000123109
			-0.000234725, 9.81671e-05, -0.0865462
		d_alpha_d_b_g: 
			0.00627964, -0.115667, -0.0236467
			0.115718, 0.00631774, 0.0115317
			0.0241264, -0.0104352, -6.32327e-05
		d_theta_d_b_g: 
			-0.412531, 0.0476859, -0.00155572
			-0.0476876, -0.412535, 0.000217816
			0.00150496, -0.000447233, -0.416041
		d_beta_d_b_a: 
			-0.412708, -0.0449293, 0.00160548
			0.0449261, -0.412712, -0.000781554
			-0.00169189, 0.00054032, -0.41604
		d_beta_d_b_a: 
			0.0609241, -0.835702, -0.173275
			0.836174, 0.0613038, 0.0908748
			0.178489, -0.0800872, -0.000605861

