Log file created at: 2020/12/01 06:32:02
Running on machine: 3a0fb8ccbb03
Log line format: [IWEF]mmdd hh:mm:ss.uuuuuu threadid file:line] msg
I1201 06:32:02.338054 18397 imu_pre_integrator.cpp:28] 
IMU Pre-Integration params:
	gravity magnitude: 9.80943

	process noise:
		measurement:
			accel.: 0.0025
			gyro.: 0.0001
		random_walk:
			accel.: 1e-08
			gyro.: 1e-08

I1201 06:32:17.958911 18397 lio_back_end.cpp:222] IMU Pre-Integration Measurement: 
	T: 0.207269 --- 0.207269
	alpha:
		0.00321896, 0.0038699, 0.198053
		-0.00883517, 0.0281127, 0.220297
	theta:
		0.0113182, 8.25937e-06, 0.00208751
		0.0105029, -0.00398732, 0.00254673
	beta:
		0.0357077, 0.0678209, 1.91071
		-0.0231795, 0.0902427, 2.00466
	bias_accel:0, 0, 0
	bias_gyro:0, 0, 0
	covariance:
		alpha: 3.65424e-08, 3.6542e-08, 2.08936e-10
		theta: 1.01398e-07, 1.01398e-07, 1.01398e-07
		beta: 2.65635e-06, 2.65612e-06, 2.53528e-06
		bias_accel: 2.02796e-11, 2.02796e-11, 2.02796e-11
		bias_gyro: 2.02796e-11, 2.02796e-11, 2.02796e-11
	Jacobian:
		d_alpha_d_b_a: 
			-0.0214802, 1.17846e-05, -2.80479e-05
			-1.19118e-05, -0.02148, 7.97611e-05
			2.79761e-05, -7.97796e-05, -0.0214799
		d_alpha_d_b_g: 
			-6.54461e-06, -0.0135894, 0.000468126
			0.0135914, -6.62704e-06, -0.000210761
			-0.00042785, 0.000228101, -1.33914e-06
		d_theta_d_b_g: 
			-0.207269, -0.000237587, -0.000268586
			0.000238958, -0.207265, -0.00109923
			0.000267003, 0.00109953, -0.207265
		d_beta_d_b_a: 
			-0.207269, 0.000184928, -0.00027049
			-0.000186479, -0.207264, 0.00119024
			0.000268986, -0.00119047, -0.207264
		d_beta_d_b_a: 
			-0.000133204, -0.197923, 0.0110058
			0.19798, -0.000136054, -0.00391501
			-0.0102109, 0.00419245, -3.30601e-05

I1201 06:32:20.029049 18397 lio_back_end.cpp:222] IMU Pre-Integration Measurement: 
	T: 0.207333 --- 0.207333
	alpha:
		-0.00877518, 0.00586201, 0.207665
		-0.0114487, 0.0495304, 0.229386
	theta:
		0.00336627, 0.0055506, 0.000496877
		0.0041792, 0.00405939, 0.000606732
	beta:
		-0.0891713, 0.0647215, 1.98538
		-0.116815, 0.038807, 1.95949
	bias_accel:0, 0, 0
	bias_gyro:0, 0, 0
	covariance:
		alpha: 3.75292e-08, 3.753e-08, 2.34779e-10
		theta: 1.0208e-07, 1.0208e-07, 1.0208e-07
		beta: 2.68428e-06, 2.6844e-06, 2.55245e-06
		bias_accel: 2.04159e-11, 2.04159e-11, 2.04159e-11
		bias_gyro: 2.04159e-11, 2.04159e-11, 2.04159e-11
	Jacobian:
		d_alpha_d_b_a: 
			-0.0214934, 2.70472e-06, -4.9672e-05
			-2.79387e-06, -0.0214935, 2.54911e-05
			4.96665e-05, -2.55012e-05, -0.0214934
		d_alpha_d_b_g: 
			-2.36601e-06, -0.014122, 0.00048737
			0.0141212, -7.01102e-07, 0.000676842
			-0.000474046, -0.000649449, -3.44556e-07
		d_theta_d_b_g: 
			-0.207332, -5.61287e-05, 0.000444467
			5.51791e-05, -0.207333, -0.000315144
			-0.000444576, 0.000314984, -0.207332
		d_beta_d_b_a: 
			-0.207332, 4.42556e-05, -0.000678864
			-4.58124e-05, -0.207333, 0.00036613
			0.000678753, -0.000366331, -0.207331
		d_beta_d_b_a: 
			-4.80683e-05, -0.20394, 0.00782122
			0.203925, -1.51994e-05, 0.0102203
			-0.00756356, -0.00971622, -6.85579e-06

I1201 06:32:22.099025 18397 lio_back_end.cpp:222] IMU Pre-Integration Measurement: 
	T: 0.207321 --- 0.207321
	alpha:
		-0.0310564, 0.00893936, 0.211114
		-0.0432716, 0.03284, 0.242594
	theta:
		-0.00332606, 0.00649952, 0.00249678
		-0.00386244, 0.00650145, 0.00309665
	beta:
		-0.315031, 0.08361, 2.00585
		-0.321828, 0.0719416, 1.96409
	bias_accel:0, 0, 0
	bias_gyro:0, 0, 0
	covariance:
		alpha: 3.69988e-08, 3.70176e-08, 2.68997e-10
		theta: 1.0263e-07, 1.0263e-07, 1.0263e-07
		beta: 2.69823e-06, 2.70159e-06, 2.56953e-06
		bias_accel: 2.05259e-11, 2.05259e-11, 2.05259e-11
		bias_gyro: 2.05259e-11, 2.05259e-11, 2.05259e-11
	Jacobian:
		d_alpha_d_b_a: 
			-0.0214909, 1.7844e-05, -4.38977e-05
			-1.77603e-05, -0.021491, -2.72639e-05
			4.39299e-05, 2.72074e-05, -0.0214909
		d_alpha_d_b_g: 
			-1.06916e-05, -0.0144238, 0.000533426
			0.0144195, -1.23315e-05, 0.00225976
			-0.000550428, -0.0022365, -3.34649e-06
		d_theta_d_b_g: 
			-0.20732, -0.000250086, 0.000648362
			0.000251316, -0.207321, 0.000306148
			-0.000647906, -0.000307148, -0.20732
		d_beta_d_b_a: 
			-0.207319, 0.00025544, -0.000666724
			-0.000253894, -0.207321, -0.000367043
			0.0006673, 0.000365929, -0.207319
		d_beta_d_b_a: 
			-0.000198627, -0.204738, 0.00811996
			0.204648, -0.000227691, 0.0347133
			-0.00842585, -0.0342606, -6.64378e-05

I1201 06:33:11.028945 18397 lio_back_end.cpp:222] IMU Pre-Integration Measurement: 
	T: 0.51897 --- 0.51897
	alpha:
		-0.0892267, -0.294596, 1.33525
		-0.114529, -0.201664, 1.34257
	theta:
		0.00182788, 0.00113003, -0.316761
		0.00289007, 0.00602966, -0.314038
	beta:
		-0.400591, -1.13255, 5.10012
		-0.570003, -0.99627, 5.05412
	bias_accel:0, 0, 0
	bias_gyro:0, 0, 0
	covariance:
		alpha: 6.6719e-07, 6.63395e-07, -2.60406e-08
		theta: 2.57476e-07, 2.57476e-07, 2.57237e-07
		beta: 8.72322e-06, 8.63163e-06, 6.5555e-06
		bias_accel: 5.14465e-11, 5.14465e-11, 5.14465e-11
		bias_gyro: 5.14465e-11, 5.14465e-11, 5.14465e-11
	Jacobian:
		d_alpha_d_b_a: 
			-0.133522, -0.0142899, 0.000125202
			0.0142901, -0.133522, 0.000165346
			-0.000104503, -0.000172568, -0.134665
		d_alpha_d_b_g: 
			0.0187102, -0.226582, -0.0497099
			0.226536, 0.0187804, 0.0166515
			0.0512528, -0.0126576, -3.50512e-05
		d_theta_d_b_g: 
			-0.510899, 0.0794241, 0.000686668
			-0.0794242, -0.5109, -0.000127936
			-0.00066052, 0.000273322, -0.518969
		d_beta_d_b_a: 
			-0.51023, -0.0820971, 0.000193715
			0.0820975, -0.51023, 0.000673516
			-8.63331e-05, -0.000647578, -0.518969
		d_beta_d_b_a: 
			0.142714, -1.30079, -0.291526
			1.30048, 0.143093, 0.117454
			0.304689, -0.0852918, -0.000120034

I1201 06:33:14.638906 18397 lio_back_end.cpp:222] IMU Pre-Integration Measurement: 
	T: 0.207334 --- 0.207334
	alpha:
		0.0316939, 0.0173652, 0.211711
		0.0394412, -0.0418389, 0.220426
	theta:
		0.0021274, 0.00233898, 0.00816459
		0.00167148, 0.00311692, 0.00761511
	beta:
		0.298667, 0.171933, 2.03726
		0.300872, 0.116183, 2.00728
	bias_accel:0, 0, 0
	bias_gyro:0, 0, 0
	covariance:
		alpha: 3.71572e-08, 3.71703e-08, 5.93187e-10
		theta: 1.02601e-07, 1.02601e-07, 1.02601e-07
		beta: 2.7054e-06, 2.70726e-06, 2.56894e-06
		bias_accel: 2.052e-11, 2.052e-11, 2.052e-11
		bias_gyro: 2.052e-11, 2.052e-11, 2.052e-11
	Jacobian:
		d_alpha_d_b_a: 
			-0.0214936, 5.85096e-05, -1.16486e-05
			-5.85272e-05, -0.0214936, 1.90795e-05
			1.15707e-05, -1.91337e-05, -0.0214937
		d_alpha_d_b_g: 
			-3.31078e-05, -0.0145785, 0.00124164
			0.0145802, -3.41515e-05, -0.00212404
			-0.00122628, 0.0021325, -2.0288e-06
		d_theta_d_b_g: 
			-0.207332, -0.000806664, 0.000274285
			0.000806366, -0.207332, -0.000167
			-0.000275185, 0.000165676, -0.207334
		d_beta_d_b_a: 
			-0.207332, 0.000845601, -0.000199433
			-0.000845954, -0.207332, 0.000263794
			0.000198026, -0.000264961, -0.207334
		d_beta_d_b_a: 
			-0.000625312, -0.210662, 0.018484
			0.210697, -0.000642741, -0.0301018
			-0.0181968, 0.0302796, -3.93626e-05

